0.002	0.004	0.991	0.003
0.001	0.003	0.994	0.002
0.999	0.000	0.000	0.000
0.002	0.000	0.000	0.997
0.999	0.000	0.001	0.001
0.001	0.000	0.999	0.000
0.999	0.000	0.001	0.000
0.001	0.000	0.999	0.001
0.000	0.001	0.000	0.999
0.001	0.998	0.000	0.001
0.999	0.000	0.000	0.001
0.001	0.000	0.000	0.998
0.999	0.000	0.000	0.000
0.999	0.001	0.000	0.000
0.002	0.998	0.000	0.000
0.999	0.001	0.000	0.000
0.999	0.001	0.000	0.000
0.002	0.997	0.000	0.000
0.910	0.024	0.039	0.027
0.901	0.026	0.041	0.032
0.012	0.012	0.959	0.016
0.018	0.018	0.032	0.932
0.905	0.022	0.044	0.030
0.024	0.906	0.042	0.028
0.024	0.903	0.044	0.029
0.023	0.905	0.040	0.032
0.016	0.019	0.034	0.931
0.022	0.905	0.041	0.032
0.023	0.918	0.033	0.026
0.914	0.024	0.034	0.028
0.907	0.023	0.039	0.031
0.013	0.012	0.961	0.014
0.023	0.906	0.042	0.030
0.024	0.906	0.041	0.030
0.023	0.908	0.037	0.032
0.019	0.018	0.028	0.935
0.907	0.023	0.041	0.030
0.025	0.923	0.028	0.024
0.907	0.024	0.041	0.028
0.013	0.012	0.960	0.016
0.011	0.011	0.960	0.018
0.017	0.016	0.034	0.933
0.016	0.016	0.034	0.934
0.010	0.010	0.963	0.017
0.014	0.012	0.958	0.016
0.906	0.023	0.041	0.030
0.902	0.023	0.044	0.031
0.017	0.012	0.955	0.015
0.905	0.022	0.043	0.030
0.015	0.011	0.959	0.015
0.012	0.011	0.960	0.017
0.012	0.011	0.960	0.017
0.012	0.012	0.958	0.018
0.011	0.011	0.962	0.016
0.026	0.895	0.043	0.036
0.017	0.019	0.030	0.933
0.904	0.020	0.041	0.035
0.019	0.016	0.034	0.931
0.021	0.914	0.034	0.031
0.903	0.026	0.040	0.030
0.015	0.010	0.959	0.017
0.015	0.016	0.034	0.935
0.022	0.904	0.041	0.033
0.023	0.910	0.037	0.030
0.014	0.018	0.030	0.938
0.010	0.010	0.959	0.020
0.017	0.017	0.030	0.936
0.903	0.023	0.041	0.034
0.016	0.014	0.951	0.019
0.012	0.011	0.959	0.018
0.023	0.904	0.040	0.034
0.894	0.027	0.043	0.036
0.020	0.018	0.938	0.024
0.908	0.021	0.035	0.035
0.029	0.888	0.044	0.039
0.022	0.020	0.035	0.923
0.023	0.909	0.034	0.034
0.001	0.002	0.994	0.003
0.004	0.993	0.003	0.000
0.001	0.002	0.995	0.003
0.000	0.000	0.002	0.998
0.001	0.997	0.000	0.002
0.000	0.002	0.000	0.998
0.000	0.996	0.001	0.002
0.001	0.998	0.001	0.001
0.000	0.001	0.000	0.998
0.000	0.000	0.997	0.002
0.000	0.000	0.997	0.003
0.002	0.994	0.002	0.001
0.000	0.001	0.995	0.004
0.002	0.995	0.001	0.002
0.001	0.996	0.001	0.001
0.992	0.000	0.000	0.008
0.002	0.990	0.007	0.001
0.001	0.993	0.005	0.001
