0.001	0.001	0.997	0.001
0.001	0.003	0.995	0.002
0.999	0.000	0.000	0.000
0.010	0.000	0.000	0.990
0.999	0.000	0.001	0.000
0.001	0.001	0.997	0.000
0.999	0.000	0.001	0.000
0.001	0.000	0.998	0.001
0.001	0.000	0.000	0.998
0.001	0.999	0.000	0.001
0.999	0.000	0.000	0.001
0.002	0.000	0.000	0.998
0.999	0.001	0.000	0.000
0.999	0.001	0.000	0.000
0.002	0.998	0.000	0.000
0.998	0.001	0.000	0.001
0.991	0.003	0.003	0.002
0.002	0.997	0.000	0.000
0.914	0.022	0.037	0.026
0.906	0.023	0.040	0.030
0.014	0.012	0.958	0.016
0.018	0.016	0.031	0.935
0.907	0.021	0.043	0.030
0.024	0.908	0.041	0.028
0.023	0.906	0.042	0.028
0.023	0.908	0.039	0.030
0.016	0.020	0.033	0.931
0.021	0.907	0.040	0.031
0.022	0.920	0.032	0.026
0.917	0.022	0.034	0.027
0.910	0.022	0.038	0.029
0.012	0.012	0.962	0.014
0.022	0.909	0.041	0.029
0.023	0.909	0.039	0.029
0.022	0.909	0.038	0.031
0.019	0.020	0.028	0.934
0.906	0.022	0.043	0.030
0.026	0.922	0.026	0.025
0.909	0.024	0.039	0.028
0.013	0.011	0.962	0.015
0.010	0.010	0.963	0.016
0.015	0.015	0.033	0.937
0.015	0.017	0.032	0.935
0.009	0.010	0.965	0.016
0.013	0.011	0.960	0.015
0.910	0.022	0.039	0.029
0.906	0.022	0.043	0.030
0.017	0.011	0.957	0.015
0.909	0.022	0.040	0.029
0.014	0.010	0.961	0.015
0.012	0.012	0.959	0.017
0.013	0.012	0.957	0.018
0.013	0.012	0.956	0.019
0.011	0.011	0.963	0.016
0.024	0.901	0.040	0.034
0.016	0.019	0.029	0.936
0.903	0.020	0.040	0.037
0.019	0.015	0.032	0.934
0.022	0.915	0.032	0.031
0.907	0.026	0.037	0.030
0.015	0.010	0.959	0.016
0.014	0.015	0.034	0.937
0.021	0.908	0.038	0.033
0.026	0.907	0.037	0.030
0.014	0.018	0.029	0.939
0.010	0.010	0.960	0.020
0.016	0.016	0.029	0.938
0.904	0.023	0.039	0.034
0.015	0.011	0.956	0.017
0.012	0.011	0.960	0.018
0.022	0.906	0.038	0.034
0.895	0.028	0.041	0.036
0.021	0.018	0.935	0.026
0.913	0.022	0.032	0.034
0.029	0.891	0.041	0.039
0.024	0.022	0.027	0.927
0.021	0.922	0.025	0.032
0.001	0.002	0.995	0.002
0.001	0.996	0.003	0.000
0.001	0.002	0.996	0.001
0.000	0.000	0.002	0.997
0.001	0.997	0.001	0.002
0.000	0.002	0.000	0.998
0.001	0.996	0.001	0.002
0.001	0.997	0.001	0.001
0.000	0.001	0.000	0.998
0.000	0.000	0.997	0.002
0.000	0.000	0.998	0.002
0.001	0.996	0.002	0.001
0.000	0.001	0.998	0.001
0.001	0.995	0.004	0.001
0.002	0.995	0.001	0.001
0.993	0.000	0.000	0.006
0.001	0.995	0.003	0.001
0.001	0.996	0.002	0.002
